#keytable be
keytable keyb-user {
  0=
     0,27,"&",130,34,39,"(",21,138,"!",128,133,")-",127,9,
     "azertyuiop^$",13,0,"qs",
     "dfghjklm",151,230,0,"<wxcv",
     "bn,;:=",0,"*",0," ",0,0,0,0,0,0,
     0,0,0,0,0,0,0,0,0,0,"-",0,0,0,"+",0,
     0,0,0,0,0,0,"<",0,0,0,0,0,0,0,0,0,
     0
  shift 0=
     0,27,"1234567890",248,"_",127,9,
     "AZERTYUIOP",0,"*",13,0,"QS",
     "DFGHJKLM%",156,0,">WXCV",
     "BN?./+",0,"*",0," ",0,0,0,0,0,0,
     0,0,0,0,0,0,0,0,0,0,"-",0,0,0,"+",0,
     0,0,0,0,0,0,">",0,0,0,0,0,0,0,0,0,
     0
  alt 0=
     0,0,"|@#",0,0,"^",0,0,"{}",0,0,0,0,
     0,0,0,0,0,0,0,0,0,0,"[]",13,0,0,0,
     0,0,0,0,0,0,0,0,39,96,0,0,0,0,0,0,
     0,0,0,0,0,"~",0,0,0,0,0,0,0,0,0,0,
     0,0,0,0,0,0,0,0,0,0,0,0,0,0,0,0,
     0,0,0,0,0,0,92,0,0,0,0,0,0,0,0,0,
     0
  numpad 0=
     "789-456+1230."
}
