#keytable cz-qwertz
keytable "keyb-user" {
  0=
     0,27,"+",216,231,159,253,167,236,160,161,130,"=",dacute,127,9,
     "qwertzuiop",163,")",13,0,"as",
     "dfghjkl",133,245,";",0,ddiares,"yxcv",
     "bnm,.-",0,"*",0," ",0,0,0,0,0,0,
     0,0,0,0,0,0,0,0,0,0,"-",0,0,0,"+",0,
     0,0,0,0,0,0,"&",0,0,0,0,0,0,0,0,0,
     0
  shift 0=
     0,27,"1234567890%",dcaron,127,9,
     "QWERTZUIOP/(",13,0,"AS",
     "DFGHJKL",34,"!",248,0,39,"YXCV",
     "BNM?:_",0,"*",0," ",0,0,0,0,0,0,
     0,0,0,0,0,0,0,0,0,0,"-",0,0,0,"+",0,
     0,0,0,0,0,0,"*",0,0,0,0,0,0,0,0,0,
     0
  alt 0=
     0,0,"~",dcaron,dcircum,dbreve,248,dogonek,dgrave,daboved,dacute,ddacute,ddiares,dcedilla,0,0,
     92,"|",169,0,0,0,0,0,162,0,246,158,0,0,165,208,
     209,"[]",0,0,136,157,"$",225,0,0,207,">#",134,"@",
     "{}",0,0,0,0,0,0,0,0,0,0,0,0,0,0,
     0,0,0,0,0,0,0,0,0,0,0,0,0,0,0,0,
     0,0,0,0,0,0,"<",0,0,0,0,0,0,0,0,0,
     0
  numpad 0=
     "789-456+1230,"
}
