#keytable de-latin1
keytable "keyb-user" {
  0=
     0,27,"1234567890",225,dacute,127,9,
     "qwertzuiop",129,"+",13,0,"as",
     "dfghjkl",148,132,dcircum,0,"#yxcv",
     "bnm,.-",0,"*",0," ",0,0,0,0,0,0,
     0,0,0,0,0,0,0,0,0,0,"-",0,0,0,"+",0,
     0,0,0,0,0,0,"<",0,0,0,0,0,0,0,0,0,
     0
  shift 0=
     0,27,"!",34,21,"$%&/()=?",dgrave,127,9,
     "QWERTZUIOP",154,"*",13,0,"AS",
     "DFGHJKL",153,142,248,0,39,"YXCV",
     "BNM;:_",0,"*",0," ",0,0,0,0,0,0,
     0,0,0,0,0,0,0,0,0,0,"-",0,0,0,"+",0,
     0,0,0,0,0,0,">",0,0,0,0,0,0,0,0,0,
     0
  alt 0=
     0,0,0,253,252,"$",0,0,"{[]}",92,0,0,0,
     "@",0,0,0,0,0,0,0,0,0,0,"~",13,0,0,0,
     0,0,0,0,0,0,0,0,0,0,0,0,0,0,0,0,
     0,0,230,0,0,0,0,0,0,0,0,0,0,0,0,0,
     0,0,0,0,0,0,0,0,0,0,0,0,0,0,0,0,
     0,0,0,0,0,0,"|",0,0,0,0,0,0,0,0,0,
     0
  numpad 0=
     "789-456+1230,"
}
