#keytable dvorak
keytable "keyb-user" {
  0=
     0,27,"1234567890",92,"=",127,9,
     39,",.pyfgcrl/]",13,0,"ao",
     "euidhtns-",96,0,"[;qjk",
     "xbmwvz",0,"*",0," ",0,0,0,0,0,0,
     0,0,0,0,0,0,0,0,0,0,"-",0,0,0,"+",0,
     0,0,0,0,0,0,"<",0,0,0,0,0,0,0,0,0,
     0
  shift 0=
     0,27,"!@#$%^&*()|+",127,9,
     34,"<>PYFGCRL?}",13,0,"AO",
     "EUIDHTNS_~",0,"{:QJK",
     "XBMWVZ",0,"*",0," ",0,0,0,0,0,0,
     0,0,0,0,0,0,0,0,0,0,"-",0,0,0,"+",0,
     0,0,0,0,0,0,"<",0,0,0,0,0,0,0,0,0,
     0
  alt 0=
     0,0,0,"@",0,"$",0,0,"{[]}",92,0,0,0,
     0,0,0,0,0,0,0,0,0,0,0,"~",13,0,0,0,
     0,0,0,0,0,0,0,0,0,0,0,0,0,0,0,0,
     0,0,0,0,0,0,0,0,0,0,0,0,0,0,0,0,
     0,0,0,0,0,0,0,0,0,0,0,0,0,0,0,0,
     0,0,0,0,0,0,"|",0,0,0,0,0,0,0,0,0,
     0
  numpad 0=
     "789-456+1230,"
}
