#keytable es-latin1
keytable "keyb-user" {
  0=
     0,27,"1234567890",39,173,127,9,
     "qwertyuiop",dgrave,"+",13,0,"as",
     "dfghjkl",164,dacute,167,0,135,"zxcv",
     "bnm,.-",0,"*",0," ",0,0,0,0,0,0,
     0,0,0,0,0,0,0,0,0,0,"-",0,0,0,"+",0,
     0,0,0,0,0,0,"<",0,0,0,0,0,0,0,0,0,
     0
  shift 0=
     0,27,"!",34,250,"$%&/()=?",168,127,9,
     "QWERTYUIOP",dcircum,"*",13,0,"AS",
     "DFGHJKL",165,ddiares,166,0,128,"ZXCV",
     "BNM;:_",0,"*",0," ",0,0,0,0,0,0,
     0,0,0,0,0,0,0,0,0,0,"-",0,0,0,"+",0,
     0,0,0,0,0,0,">",0,0,0,0,0,0,0,0,0,
     0
  alt 0=
     0,0,"|@#$",0,172,"{[]}",92,"~",0,0,
     0,0,0,0,0,0,0,0,0,0,"[]",13,0,0,0,
     0,0,0,0,0,0,0,0,"{",92,0,"}",0,0,0,0,
     0,0,0,0,0,0,0,0,0,0,0,0,0,0,0,0,
     0,0,0,0,0,0,0,0,0,0,"~",0,0,0,0,0,
     0,0,0,0,0,0,"|",0,0,0,0,0,0,0,0,0,
     0
  numpad 0=
     "789-456+1230,"
}
