#keytable fr
keytable "keyb-user" {
  0=
     0,27,"&{",34,39,"(-}_/@)=",127,9,
     "azertyuiop^$",13,0,"qs",
     "dfghjklm|",96,0,"*wxcv",
     "bn,;:!",0,"*",0," ",0,0,0,0,0,0,
     0,0,0,0,0,0,0,0,0,0,"-",0,0,0,"+",0,
     0,0,0,0,0,0,"<",0,0,0,0,0,0,0,0,0,
     0
  shift 0=
     0,27,"1234567890]+",127,9,
     "AZERTYUIOP<>",13,0,"QS",
     "DFGHJKLM%~",0,"#WXCV",
     "BN?./",92,0,"*",0," ",0,0,0,0,0,0,
     0,0,0,0,0,0,0,0,0,0,"-",0,0,0,"+",0,
     0,0,0,0,0,0,">",0,0,0,0,0,0,0,0,0,
     0
  alt 0=
     0,0,0,"~#{[|",96,92,"^@]}",0,0,
     "@",0,0,0,0,0,0,0,0,0,0,"~",13,0,0,0,
     0,0,0,0,0,0,0,0,0,0,0,0,0,0,0,0,
     0,0,0,0,0,0,0,0,0,0,0,0,0,0,0,0,
     0,0,0,0,0,0,0,0,0,0,0,0,0,0,0,0,
     0,0,0,0,0,0,"|",0,0,0,0,0,0,0,0,0,
     0
  numpad 0=
     "789-456+1230."
}
