#keytable fr-latin1
keytable "keyb-user" {
  0=
     0,27,"&",130,34,39,"(-",138,"_",135,133,")=",127,9,
     "azertyuiop",dcircum,"$",13,0,"qs",
     "dfghjklm",151,253,0,"*wxcv",
     "bn,;:!",0,"*",0," ",0,0,0,0,0,0,
     0,0,0,0,0,0,0,0,0,0,"-",0,0,0,"+",0,
     0,0,0,0,0,0,"<",0,0,0,0,0,0,0,0,0,
     0
  shift 0=
     0,27,"1234567890",248,"+",127,9,
     "AZERTYUIOP",ddiares,156,13,0,"QS",
     "DFGHJKLM%~",0,230,"WXCV",
     "BN?./",167,0,"*",0," ",0,0,0,0,0,0,
     0,0,0,0,0,0,0,0,0,0,"-",0,0,0,"+",0,
     0,0,0,0,0,0,">",0,0,0,0,0,0,0,0,0,
     0
  alt 0=
     0,0,0,"~#{[|",96,92,"^@]}",0,0,
     "@",0,0,0,0,0,0,0,0,0,0,164,13,0,0,0,
     0,0,0,0,0,0,0,0,0,0,0,0,0,0,0,0,
     0,0,0,0,0,0,0,0,0,0,0,0,0,0,0,0,
     0,0,0,0,0,0,0,0,0,0,0,0,0,0,0,0,
     0,0,0,0,0,0,"|",0,0,0,0,0,0,0,0,0,
     0
  numpad 0=
     "789-456+1230."
}
