#keytable hr-cp852
keytable "keyb-user" {
  0=
     0,27,"1234567890",39,"+",127,9,
     "qwertzuiop",231,208,13,0,"as",
     "dfghjkl",159,134,0,0,167,"yxcv",
     "bnm,.-",0,"*",0," ",0,0,0,0,0,0,
     0,0,0,0,0,0,0,0,0,0,"-",0,0,0,"+",0,
     0,0,0,0,0,0,"<",0,0,0,0,0,0,0,0,0,
     0
  shift 0=
     0,27,"!",34,"#$%&/()=?*",127,9,
     "QWERTZUIOP",230,209,13,0,"AS",
     "DFGHJKL",172,143,0,0,166,"YXCV",
     "BNM;:_",0,"*",0," ",0,0,0,0,0,0,
     0,0,0,0,0,0,0,0,0,0,"-",0,0,0,"+",0,
     0,0,0,0,0,0,">",0,0,0,0,0,0,0,0,0,
     0
  alt 0=
     0,0,"~",183,"^",244,248,242,96,250,239,241,249,247,0,0,
     92,"|",0,0,0,0,0,0,0,0,246,158,13,0,0,0,
     0,"[]",0,0,146,145,92,225,0,0,207,0,0,0,"@",
     "{}",245,0,"|/",0,0,0,0,0,0,0,0,0,0,
     0,0,0,0,0,0,0,0,0,0,0,0,0,0,0,0,
     0,0,0,0,0,0,"|",0,0,0,0,0,0,0,0,0,
     0
  numpad 0=
     "789-456+1230,"
}
