#keytable hr-latin2
keytable "keyb-user" {
  0=
     0,27,"1234567890",39,"+",127,9,
     "qwertzuiop",185,240,13,0,"as",
     "dfghjkl",232,230,0,0,190,"yxcv",
     "bnm,.-",0,"*",0," ",0,0,0,0,0,0,
     0,0,0,0,0,0,0,0,0,0,"-",0,0,0,"+",0,
     0,0,0,0,0,0,"<",0,0,0,0,0,0,0,0,0,
     0
  shift 0=
     0,27,"!",34,"#$%&/()=?*",127,9,
     "QWERTZUIOP",169,208,13,0,"AS",
     "DFGHJKL",200,198,0,0,174,"YXCV",
     "BNM;:_",0,"*",0," ",0,0,0,0,0,0,
     0,0,0,0,0,0,0,0,0,0,"-",0,0,0,"+",0,
     0,0,0,0,0,0,">",0,0,0,0,0,0,0,0,0,
     0
  alt 0=
     0,0,"~",183,"^",162,176,178,96,255,180,189,168,184,0,0,
     92,"|",0,0,0,0,0,0,0,0,247,215,13,0,0,0,
     0,"[]",0,0,179,163,92,223,0,0,164,0,0,0,"@",
     "{}",167,0,"|/",0,0,0,0,0,0,0,0,0,0,
     0,0,0,0,0,0,0,0,0,0,0,0,0,0,0,0,
     0,0,0,0,0,0,"|",0,0,0,0,0,0,0,0,0,
     0
  numpad 0=
     "789-456+1230,"
}
