#keytable hu
keytable "keyb-user" {
  0=
     0,27,"123456789",148,129,162,127,9,
     "qwertzuiop",139,163,13,0,"as",
     "dfghjkl",130,160,"0",0,251,"yxcv",
     "bnm,.-",0,"*",0," ",0,0,0,0,0,0,
     0,0,0,0,0,0,0,0,0,0,"-",0,0,0,"+",0,
     0,0,0,0,0,0,161,0,0,0,0,0,0,0,0,0,
     0
  shift 0=
     0,27,39,34,"+!%/=()",153,154,39,127,9,
     "QWERTZUIOP",138,233,13,0,"AS",
     "DFGHJKL",144,181,21,"0",235,"YXCV",
     "BNM?:_",0,"*",0," ",0,0,0,0,0,0,
     0,0,0,0,0,0,0,0,0,0,"-",0,0,0,"+",0,
     0,0,0,0,0,0,146,0,0,0,0,0,0,0,0,0,
     0
  alt 0=
     0,0,"~",dcaron,dcircum,dbreve,248,dogonek,dgrave,daboved,dacute,ddacute,ddiares,dcedilla,0,0,
     92,"|",0,0,0,0,0,146,0,0,246,158,13,0,0,208,
     209,"[]",0,161,136,157,"$",225,0,0,207,">#&@",
     "{}",0,";",0,"*",0,0,0,0,0,0,0,0,0,0,
     0,0,0,0,0,0,0,0,0,0,0,0,0,0,0,0,
     0,0,0,0,0,0,"<",0,0,0,0,0,0,0,0,0,
     0
  numpad 0=
     "789-456+1230,"
}
