#keytable hu-cwi
keytable "keyb-user" {
  0=
     0,27,"123456789",148,129,162,127,9,
     "qwertzuiop",147,163,13,0,"as",
     "dfghjkl",130,160,"0",0,150,"yxcv",
     "bnm,.-",0,"*",0," ",0,0,0,0,0,0,
     0,0,0,0,0,0,0,0,0,0,"-",0,0,0,"+",0,
     0,0,0,0,0,0,161,0,0,0,0,0,0,0,0,0,
     0
  shift 0=
     0,27,39,34,"+!%/=()",153,154,149,127,9,
     "QWERTZUIOP",167,151,13,0,"AS",
     "DFGHJKL",144,143,21,"0",152,"YXCV",
     "BNM?:_",0,"*",0," ",0,0,0,0,0,0,
     0,0,0,0,0,0,0,0,0,0,"-",0,0,0,"+",0,
     0,0,0,0,0,0,141,0,0,0,0,0,0,0,0,0,
     0
  alt 0=
     0,0,"~",dcaron,dcircum,dbreve,248,dogonek,dgrave,daboved,dacute,ddacute,ddiares,dcedilla,0,0,
     92,"|",0,0,0,0,0,141,0,0,246,0,13,0,0,0,
     0,"[]",0,161,0,0,"$",225,0,0,0,">#&@",
     "{}",0,";",0,"*",0,0,0,0,0,0,0,0,0,0,
     0,0,0,0,0,0,0,0,0,0,0,0,0,0,0,0,
     0,0,0,0,0,0,"<",0,0,0,0,0,0,0,0,0,
     0
  numpad 0=
     "789-456+1230,"
}
