#keytable hu-latin2
keytable "keyb-user" {
  0=
     0,27,"123456789",246,252,243,127,9,
     "qwertzuiop",245,250,13,0,"as",
     "dfghjkl",233,225,"0",0,251,"yxcv",
     "bnm,.-",0,"*",0," ",0,0,0,0,0,0,
     0,0,0,0,0,0,0,0,0,0,"-",0,0,0,"+",0,
     0,0,0,0,0,0,237,0,0,0,0,0,0,0,0,0,
     0
  shift 0=
     0,27,39,34,"+!%/=()",214,220,211,127,9,
     "QWERTZUIOP",213,218,13,0,"AS",
     "DFGHJKL",201,193,21,"0",219,"YXCV",
     "BNM?:_",0,"*",0," ",0,0,0,0,0,0,
     0,0,0,0,0,0,0,0,0,0,"-",0,0,0,"+",0,
     0,0,0,0,0,0,205,0,0,0,0,0,0,0,0,0,
     0
  alt 0=
     0,0,"~",dcaron,dcircum,dbreve,248,dogonek,dgrave,daboved,dacute,ddacute,ddiares,dcedilla,0,0,
     92,"|",0,0,0,0,0,205,0,0,247,215,13,0,0,240,
     208,"[]",0,237,179,163,"$",223,0,0,164,">#&@",
     "{}",0,";",0,"*",0,0,0,0,0,0,0,0,0,0,
     0,0,0,0,0,0,0,0,0,0,0,0,0,0,0,0,
     0,0,0,0,0,0,"<",0,0,0,0,0,0,0,0,0,
     0
  numpad 0=
     "789-456+1230,"
}
