#keytable it
keytable "keyb-user" {
  0=
     0,27,"1234567890",39,141,127,9,
     "qwertyuiop",138,"+",13,0,"as",
     "dfghjkl",149,133,92,0,151,"zxcv",
     "bnm,.-",0,"*",0," ",0,0,0,0,0,0,
     0,0,0,0,0,0,0,0,0,0,"-",0,0,0,"+",0,
     0,0,0,0,0,0,"<",0,0,0,0,0,0,0,0,0,
     0
  shift 0=
     0,27,"!",34,156,"$%&/()=?^",127,9,
     "QWERTYUIOP",130,"*",13,0,"AS",
     "DFGHJKL",135,248,"|0",21,"ZXCV",
     "BNM;:_",0,"*",0," ",0,0,0,0,0,0,
     0,0,0,0,0,0,0,0,0,0,"-",0,0,0,"+",0,
     0,0,0,0,0,0,">",0,0,0,0,0,0,0,0,0,
     0
  alt 0=
     0,0,0,"@",0,"$",0,0,"{[]}{}",0,0,
     0,0,0,0,0,0,0,0,0,0,"[]",13,0,0,0,
     0,0,0,0,0,0,0,"@#",0,0,0,0,0,0,0,
     0,0,0,0,0,0,0,0,0,0,0,0,0,0,0,0,
     0,0,0,0,0,0,0,0,0,0,0,0,0,0,0,0,
     0,0,0,0,0,0,"|",0,0,0,0,0,0,0,0,0,
     0
  numpad 0=
     "789-456+1230."
}
