#keytable jp106
keytable "keyb-user" {
  0=
     0,27,"1234567890-^",127,9,
     "qwertyuiop@[",13,0,"as",
     "dfghjkl;:",96,0,"]zxcv",
     "bnm,./",0,"*",0," ",0,0,0,0,0,0,
     0,0,0,0,0,0,0,0,0,0,"-",0,0,0,"+",0,
     0,0,0,0,0,0,"0",0,0,92,0,0,0,0,0,0,
     0,0,0,0,0,0,0,0,0,0,0,0,0,0,0,0,
     0,0,0,92,0,0,0,0,0,0,0,0,0,92,0,0,
     0
  shift 0=
     0,27,"!",34,"#$%&",39,"()~=~",127,9,
     "QWERTYUIOP",96,"{",dgrave,0,"AS",
     "DFGHJKL+*~0}ZXCV",
     "BNM<>?",0,"*",0," ",0,0,0,0,0,0,
     0,0,0,0,0,0,0,0,0,0,"-",0,0,0,"+",0,
     0,0,0,0,0,0,"0",0,0,"_",0,0,0,0,0,0,
     0,0,0,0,0,0,0,0,0,0,0,0,0,0,0,0,
     0,0,0,"_",0,0,0,0,0,0,0,0,0,"|",0,0,
     0
  alt 0=
     0,0,0,0,0,0,0,0,0,0,0,0,0,0,0,0,
     0,0,0,0,0,0,0,0,0,0,0,0,0,0,0,0,
     0,0,0,0,0,0,0,0,0,0,0,0,0,0,0,0,
     0,0,0,0,0,0,0,0,0,0,0,0,0,0,0,0,
     0,0,0,0,0,0,0,0,0,0,0,0,0,0,0,0,
     0,0,0,0,0,0,0,0,0,0,0,0,0,0,0,0,
     0,0,0,0,0,0,0,0,0,0,0,0,0,0,0,0,
     0,0,0,0,0,0,0,0,0,0,0,0,0,0,0,0,
     0
  numpad 0=
     "789-456+1230."
}
