#keytable no-latin1
keytable "keyb-user" {
  0=
     0,27,"1234567890+",92,127,9,
     "qwertyuiop",134,ddiares,13,0,"as",
     "dfghjkl",155,145,"|",0,39,"zxcv",
     "bnm,.-",0,"*",0," ",0,0,0,0,0,0,
     0,0,0,0,0,0,0,0,0,0,"-",0,0,0,"+",0,
     0,0,0,0,0,0,"<",0,0,0,0,0,0,0,0,0,
     0
  shift 0=
     0,27,"!",34,"#$%&/()=?",dgrave,127,9,
     "QWERTYUIOP",143,dcircum,13,0,"AS",
     "DFGHJKL",157,146,245,0,"*ZXCV",
     "BNM;:_",0,"*",0," ",0,0,0,0,0,0,
     0,0,0,0,0,0,0,0,0,0,"-",0,0,0,"+",0,
     0,0,0,0,0,0,">",0,0,0,0,0,0,0,0,0,
     0
  alt 0=
     0,0,0,"@",156,207,0,0,"{[]}",0,dacute,0,0,
     0,0,0,0,0,0,0,0,0,0,0,dtilde,13,0,0,0,
     0,0,0,0,0,0,0,0,0,0,0,0,0,0,0,0,
     0,0,0,0,0,0,0,0,0,0,0,0,0,0,0,0,
     0,0,0,0,0,0,0,0,0,0,0,0,0,0,0,0,
     0,0,0,0,0,0,0,0,0,0,0,0,0,0,0,0,
     0
  numpad 0=
     "789-456+1230,"
}
