#keytable pl
keytable "keyb-user" {
  0=
     0,27,"1234567890+",39,127,9,
     "qwertzuiop",190,152,13,0,"as",
     "dfghjkl",136,165,daboved,0,162,"yxcv",
     "bnm,.-",0,"*",0," ",0,0,0,0,0,0,
     0,0,0,0,0,0,0,0,0,0,"-",0,0,0,"+",0,
     0,0,0,0,0,0,"<",0,0,0,0,0,0,0,0,0,
     0
  shift 0=
     0,27,"!",34,"#$%&/()=?*",127,9,
     "QWERTZUIOP",228,134,13,0,"AS",
     "DFGHJKL",157,169,dogonek,"0",171,"YXCV",
     "BNM;:_",0,"*",0," ",0,0,0,0,0,0,
     0,0,0,0,0,0,0,0,0,0,"-",0,0,0,"+",0,
     0,0,0,0,0,0,">",0,0,0,0,0,0,0,0,0,
     0
  alt 0=
     0,0,"~",dcaron,dcircum,dbreve,248,dogonek,dgrave,daboved,dacute,ddacute,ddiares,dcedilla,0,0,
     92,"|",169,0,0,0,0,0,162,0,246,158,0,0,165,208,
     209,"[]",0,0,0,136,"$",225,0,0,dcaron,190,171,134,"@",
     "{}",21,0,0,0,0,0,0,0,0,0,0,0,0,0,
     0,0,0,0,0,0,0,0,0,0,0,0,0,0,0,0,
     0,0,0,0,0,0,"|",0,0,0,0,0,0,0,0,0,
     0
  numpad 0=
     "789-456+1230,"
}
