#keytable sf-latin1
keytable "keyb-user" {
  0=
     0,27,"1234567890",39,"^",127,9,
     "qwertzuiop",232,168,13,0,"as",
     "dfghjkl",233,224,167,0,"$yxcv",
     "bnm,.-",0,"*",0," ",0,0,0,0,0,0,
     0,0,0,0,0,0,0,0,0,0,"-",0,0,0,"+",0,
     0,0,0,0,0,0,"<",0,0,0,0,0,0,0,0,0,
     0
  shift 0=
     0,27,"+",34,"*",231,"%&/()=?",96,127,9,
     "QWERTZUIOP",252,"!",13,0,"AS",
     "DFGHJKL",246,228,176,0,163,"YXCV",
     "BNM;:_",0,"*",0," ",0,0,0,0,0,0,
     0,0,0,0,0,0,0,0,0,0,"-",0,0,0,"+",0,
     0,0,0,0,0,0,">",0,0,0,0,0,0,0,0,0,
     0
  alt 0=
     0,0,0,"@#",0,0,172,"|",162,0,0,180,"~",0,0,
     0,0,0,0,0,0,0,0,0,0,"[]",13,0,0,0,
     0,0,0,0,0,0,0,0,"{",0,0,"}",0,0,0,0,
     0,0,0,0,0,0,0,0,0,0,0,0,0,0,0,0,
     0,0,0,0,0,0,0,0,0,0,0,0,0,0,0,0,
     0,0,0,0,0,0,92,0,0,0,0,0,0,0,0,0,
     0
  numpad 0=
     "789-456+1230,"
}
