#keytable sg
keytable "keyb-user" {
  0=
     0,27,"1234567890",39,"^",127,9,
     "qwertzuiop",0,0,13,0,"as",
     "dfghjkl",0,0,0,0,"$yxcv",
     "bnm,.-",0,"*",0," ",0,0,0,0,0,0,
     0,0,0,0,0,0,0,0,0,0,"-",0,0,0,"+",0,
     0,0,0,0,0,0,"<",0,0,0,0,0,0,0,0,0,
     0
  shift 0=
     0,27,"+",34,"*",0,"%&/()=?",96,127,9,
     "QWERTZUIOP",0,"!",13,0,"AS",
     "DFGHJKL",0,0,0,0,0,"YXCV",
     "BNM;:_",0,"*",0," ",0,0,0,0,0,0,
     0,0,0,0,0,0,0,0,0,0,"-",0,0,0,"+",0,
     0,0,0,0,0,0,">",0,0,0,0,0,0,0,0,0,
     0
  alt 0=
     0,0,0,"@#",0,0,0,"|",0,0,0,39,"~",0,0,
     0,0,0,0,0,0,0,0,0,0,"[]",13,0,0,0,
     0,0,0,0,0,0,0,0,"{",0,0,"}",0,0,0,0,
     0,0,0,0,0,0,0,0,0,0,0,0,0,0,0,0,
     0,0,0,0,0,0,0,0,0,0,0,0,0,0,0,0,
     0,0,0,0,0,0,92,0,0,0,0,0,0,0,0,0,
     0
  numpad 0=
     "789-456+1230,"
}
