#keytable sg-latin1
keytable "keyb-user" {
  0=
     0,27,"1234567890",39,"^",127,9,
     "qwertzuiop",192,0,13,0,"as",
     "dfghjkl",148,132,167,0,"$yxcv",
     "bnm,.-",0,"*",0," ",0,0,0,0,0,0,
     0,0,0,0,0,0,0,0,0,0,"-",0,0,0,"+",0,
     0,0,0,0,0,0,"<",0,0,0,0,0,0,0,0,0,
     0
  shift 0=
     0,27,"+",34,"*",128,"%&/()=?",96,127,9,
     "QWERTZUIOP",154,"!",13,0,"AS",
     "DFGHJKL",153,142,176,0,163,"YXCV",
     "BNM;:_",0,"*",0," ",0,0,0,0,0,0,
     0,0,0,0,0,0,0,0,0,0,"-",0,0,0,"+",0,
     0,0,0,0,0,0,">",0,0,0,0,0,0,0,0,0,
     0
  alt 0=
     0,0,179,"@#",0,0,170,"|",162,0,0,39,"~",0,0,
     0,0,0,0,0,0,0,0,0,0,"[]",13,0,0,0,
     0,0,0,0,0,0,0,233,"{",0,0,"}",0,0,0,0,
     0,0,0,0,0,0,0,0,0,0,0,0,0,0,0,0,
     0,0,0,0,0,0,0,0,0,0,0,0,0,0,0,0,
     0,0,0,0,0,0,92,0,0,0,0,0,0,0,0,0,
     0
  numpad 0=
     "789-456+1230,"
}
