#keytable sw
keytable "keyb-user" {
  0=
     0,27,"1234567890+",39,127,9,
     "qwertyuiop",134,"~",13,0,"as",
     "dfghjkl",148,132,21,0,39,"zxcv",
     "bnm,.-",0,"*",0," ",0,0,0,0,0,0,
     0,0,0,0,0,0,0,0,0,0,"-",0,0,0,"+",0,
     0,0,0,0,0,0,"<",0,0,0,0,0,0,0,0,0,
     0
  shift 0=
     171,0,"!",34,"#$%&/()=?",96,127,9,
     "QWERTYUIOP",143,"^",13,0,"AS",
     "DFGHJKL",153,142,171,0,"*ZXCV",
     "BNM;:_",0,"*",0," ",0,0,0,0,0,0,
     0,0,0,0,0,0,0,0,0,0,"-",0,0,0,"+",0,
     0,0,0,0,0,0,">",0,0,0,0,0,0,0,0,0,
     0
  alt 0=
     0,0,0,"@",156,"$",0,0,"{[]}",92,0,0,0,
     0,0,0,0,0,0,0,0,0,0,0,"~",13,0,0,0,
     0,0,0,0,0,0,0,0,0,0,0,0,0,0,0,0,
     0,0,0,0,0,0,0,0,0,0,0,0,0,0,0,0,
     0,0,0,0,0,0,0,0,0,0,0,0,0,0,0,0,
     0,0,0,0,0,0,"|",0,0,0,0,0,0,0,0,0,
     0
  numpad 0=
     "789-456+1230."
}
