#keytable tr
keytable "keyb-user" {
  0=
     0,27,"1234567890*-",127,9,
     "qwertyu",141,"op",167,129,13,0,"as",
     "dfghjkl",159,"i",130,0,44,"zxcv",
     "bnm",148,135,".",0,"*",0," ",0,0,0,0,0,0,
     0,0,0,0,0,0,0,0,0,0,"-",0,0,0,"+",0,
     0,0,0,0,0,0,"<",0,0,0,0,0,0,0,0,0,
     0
  shift 0=
     0,27,"!'^+%&/()=?_",127,9,
     "QWERTYUIOP",166,154,13,0,"AS",
     "DFGHJKL",158,152,34,0,";ZXCV",
     "BNM",153,128,":",0,"*",0," ",0,0,0,0,0,0,
     0,0,0,0,0,0,0,0,0,0,"-",0,0,0,"+",0,
     0,0,0,0,0,0,">",0,0,0,0,0,0,0,0,0,
     0
  alt 0=
     0,0,0,0,"#$",0,0,"{[]}\",0,0,0,
     "@",0,0,0,0,0,0,0,0,0,0,"~",0,0,0,0,
     0,0,0,0,0,0,0,0,0,0,0,"`",0,0,0,0,
     0,0,0,0,0,0,0,0,0,0,0,0,0,0,0,0,
     0,0,0,0,0,0,0,0,0,0,0,0,0,0,0,0,
     0,0,0,0,0,0,"|",0,0,0,0,0,0,0,0,0,
     0
  numpad 0=
     "789-456+1230."
}
