#keytable us
keytable "keyb-user" {
  0=
     0,27,"1234567890-=",127,9,
     "qwertyuiop[]",13,0,"as",
     "dfghjkl;",39,96,0,92,"zxcv",
     "bnm,./",0,"*",0," ",0,0,0,0,0,0,
     0,0,0,0,0,0,0,0,0,0,"-",0,0,0,"+",0,
     0,0,0,0,0,0,"<",0,0,0,0,0,0,0,0,0,
     0
  shift 0=
     0,27,"!@#$%^&*()_+",127,9,
     "QWERTYUIOP{}",13,0,"AS",
     "DFGHJKL:",34,"~0|ZXCV",
     "BNM<>?",0,"*",0," ",0,0,0,0,0,0,
     0,0,0,0,0,0,0,0,0,0,"-",0,0,0,"+",0,
     0,0,0,0,0,0,">",0,0,0,0,0,0,0,0,0,
     0
  alt 0=
     0,0,0,0,0,0,0,0,0,0,0,0,0,0,0,0,
     0,0,0,0,0,0,0,0,0,0,0,0,0,0,0,0,
     0,0,0,0,0,0,0,0,0,0,0,0,0,0,0,0,
     0,0,0,0,0,0,0,0,0,0,0,0,0,0,0,0,
     0,0,0,0,0,0,0,0,0,0,0,0,0,0,0,0,
     0,0,0,0,0,0,0,0,0,0,0,0,0,0,0,0,
     0
  numpad 0=
     "789-456+1230."
}
